{
 "cells": [
  {
   "cell_type": "code",
   "id": "initial_id",
   "metadata": {
    "collapsed": true,
    "ExecuteTime": {
     "end_time": "2025-06-25T18:29:53.977109Z",
     "start_time": "2025-06-25T18:29:53.972750Z"
    }
   },
   "source": [
    "# Import Libraries\n",
    "\n",
    "# Data Management\n",
    "import pandas as pd\n",
    "import numpy as np\n",
    "\n",
    "# Plots\n",
    "import matplotlib.pyplot as plt\n",
    "\n",
    "# Handle Files\n",
    "import sys\n",
    "import os\n",
    "\n",
    "# Import Local Functions\n",
    "sys.path.append(os.path.abspath(\"../source\"))\n",
    "from config import get_tickers\n",
    "from data_downloader import get_market_data\n",
    "from portfolios_toolkit import markowitz_weights"
   ],
   "outputs": [],
   "execution_count": 86
  },
  {
   "metadata": {},
   "cell_type": "markdown",
   "source": "### Building a Portfolio ###",
   "id": "9d031313507f1e6a"
  },
  {
   "metadata": {
    "ExecuteTime": {
     "end_time": "2025-06-25T18:29:54.430480Z",
     "start_time": "2025-06-25T18:29:54.406903Z"
    }
   },
   "cell_type": "code",
   "source": [
    "stocks_tickers = get_tickers(\"6.1a\")\n",
    "\n",
    "stocks_tickers"
   ],
   "id": "448187913de3074d",
   "outputs": [
    {
     "data": {
      "text/plain": [
       "['AAPL', 'JNJ', 'JPM', 'AMZN', 'XOM', 'UNP', 'PLD']"
      ]
     },
     "execution_count": 87,
     "metadata": {},
     "output_type": "execute_result"
    }
   ],
   "execution_count": 87
  },
  {
   "metadata": {
    "ExecuteTime": {
     "end_time": "2025-06-25T18:29:54.695623Z",
     "start_time": "2025-06-25T18:29:54.679041Z"
    }
   },
   "cell_type": "code",
   "source": [
    "sectors_tickers = get_tickers(\"6.1b\")\n",
    "\n",
    "sectors_tickers"
   ],
   "id": "3f1be12082ea4aaf",
   "outputs": [
    {
     "data": {
      "text/plain": [
       "['XLK', 'XLV', 'XLF', 'XLY', 'XLE', 'XLI', 'XLRE']"
      ]
     },
     "execution_count": 88,
     "metadata": {},
     "output_type": "execute_result"
    }
   ],
   "execution_count": 88
  },
  {
   "metadata": {
    "ExecuteTime": {
     "end_time": "2025-06-25T18:29:58.592587Z",
     "start_time": "2025-06-25T18:29:54.883570Z"
    }
   },
   "cell_type": "code",
   "source": [
    "# DataFrame to store everything\n",
    "stock_returns_df = pd.DataFrame()\n",
    "\n",
    "for ticker in stocks_tickers:\n",
    "    df_stock = get_market_data(\n",
    "        ticker=ticker, \n",
    "        start_date='2020-01-01', \n",
    "        end_date='2026-01-01', \n",
    "        returns=True\n",
    "    )\n",
    "    \n",
    "    returns = df_stock['returns'].rename(ticker)\n",
    "    \n",
    "    stock_returns_df = pd.concat([stock_returns_df, returns], axis=1)"
   ],
   "id": "55ba5ee308996fb1",
   "outputs": [],
   "execution_count": 89
  },
  {
   "metadata": {
    "ExecuteTime": {
     "end_time": "2025-06-25T18:29:58.610399Z",
     "start_time": "2025-06-25T18:29:58.592587Z"
    }
   },
   "cell_type": "code",
   "source": "stock_returns_df",
   "id": "135b523b51dd1d51",
   "outputs": [
    {
     "data": {
      "text/plain": [
       "                         AAPL       JNJ       JPM      AMZN       XOM  \\\n",
       "2020-01-03 00:00:00 -0.009770 -0.011645 -0.013284 -0.012213 -0.008072   \n",
       "2020-01-06 00:00:00  0.007937 -0.001248 -0.000795  0.014776  0.007649   \n",
       "2020-01-07 00:00:00 -0.004714  0.006088 -0.017147  0.002089 -0.008218   \n",
       "2020-01-08 00:00:00  0.015958 -0.000138  0.007771 -0.007839 -0.015195   \n",
       "2020-01-09 00:00:00  0.021019  0.002962  0.003645  0.004788  0.007626   \n",
       "...                       ...       ...       ...       ...       ...   \n",
       "2025-06-18 00:00:00  0.004793 -0.010887  0.016340 -0.010764 -0.007131   \n",
       "2025-06-20 00:00:00  0.022235 -0.006256  0.003789 -0.013406  0.013252   \n",
       "2025-06-23 00:00:00  0.002484  0.010163  0.011821 -0.005835 -0.026145   \n",
       "2025-06-24 00:00:00 -0.005973  0.005733  0.010688  0.020417 -0.030900   \n",
       "2025-06-25 00:00:00  0.003613  0.001838  0.008744 -0.005514  0.000508   \n",
       "\n",
       "                          UNP       PLD  \n",
       "2020-01-03 00:00:00 -0.007103  0.011137  \n",
       "2020-01-06 00:00:00 -0.008601 -0.003923  \n",
       "2020-01-07 00:00:00 -0.007608 -0.006422  \n",
       "2020-01-08 00:00:00  0.010891  0.005411  \n",
       "2020-01-09 00:00:00 -0.005124  0.000113  \n",
       "...                       ...       ...  \n",
       "2025-06-18 00:00:00  0.006417 -0.000095  \n",
       "2025-06-20 00:00:00  0.002250  0.005788  \n",
       "2025-06-23 00:00:00  0.015032  0.013533  \n",
       "2025-06-24 00:00:00  0.008947  0.009291  \n",
       "2025-06-25 00:00:00 -0.007222 -0.031178  \n",
       "\n",
       "[1376 rows x 7 columns]"
      ],
      "text/html": [
       "<div>\n",
       "<style scoped>\n",
       "    .dataframe tbody tr th:only-of-type {\n",
       "        vertical-align: middle;\n",
       "    }\n",
       "\n",
       "    .dataframe tbody tr th {\n",
       "        vertical-align: top;\n",
       "    }\n",
       "\n",
       "    .dataframe thead th {\n",
       "        text-align: right;\n",
       "    }\n",
       "</style>\n",
       "<table border=\"1\" class=\"dataframe\">\n",
       "  <thead>\n",
       "    <tr style=\"text-align: right;\">\n",
       "      <th></th>\n",
       "      <th>AAPL</th>\n",
       "      <th>JNJ</th>\n",
       "      <th>JPM</th>\n",
       "      <th>AMZN</th>\n",
       "      <th>XOM</th>\n",
       "      <th>UNP</th>\n",
       "      <th>PLD</th>\n",
       "    </tr>\n",
       "  </thead>\n",
       "  <tbody>\n",
       "    <tr>\n",
       "      <th>2020-01-03 00:00:00</th>\n",
       "      <td>-0.009770</td>\n",
       "      <td>-0.011645</td>\n",
       "      <td>-0.013284</td>\n",
       "      <td>-0.012213</td>\n",
       "      <td>-0.008072</td>\n",
       "      <td>-0.007103</td>\n",
       "      <td>0.011137</td>\n",
       "    </tr>\n",
       "    <tr>\n",
       "      <th>2020-01-06 00:00:00</th>\n",
       "      <td>0.007937</td>\n",
       "      <td>-0.001248</td>\n",
       "      <td>-0.000795</td>\n",
       "      <td>0.014776</td>\n",
       "      <td>0.007649</td>\n",
       "      <td>-0.008601</td>\n",
       "      <td>-0.003923</td>\n",
       "    </tr>\n",
       "    <tr>\n",
       "      <th>2020-01-07 00:00:00</th>\n",
       "      <td>-0.004714</td>\n",
       "      <td>0.006088</td>\n",
       "      <td>-0.017147</td>\n",
       "      <td>0.002089</td>\n",
       "      <td>-0.008218</td>\n",
       "      <td>-0.007608</td>\n",
       "      <td>-0.006422</td>\n",
       "    </tr>\n",
       "    <tr>\n",
       "      <th>2020-01-08 00:00:00</th>\n",
       "      <td>0.015958</td>\n",
       "      <td>-0.000138</td>\n",
       "      <td>0.007771</td>\n",
       "      <td>-0.007839</td>\n",
       "      <td>-0.015195</td>\n",
       "      <td>0.010891</td>\n",
       "      <td>0.005411</td>\n",
       "    </tr>\n",
       "    <tr>\n",
       "      <th>2020-01-09 00:00:00</th>\n",
       "      <td>0.021019</td>\n",
       "      <td>0.002962</td>\n",
       "      <td>0.003645</td>\n",
       "      <td>0.004788</td>\n",
       "      <td>0.007626</td>\n",
       "      <td>-0.005124</td>\n",
       "      <td>0.000113</td>\n",
       "    </tr>\n",
       "    <tr>\n",
       "      <th>...</th>\n",
       "      <td>...</td>\n",
       "      <td>...</td>\n",
       "      <td>...</td>\n",
       "      <td>...</td>\n",
       "      <td>...</td>\n",
       "      <td>...</td>\n",
       "      <td>...</td>\n",
       "    </tr>\n",
       "    <tr>\n",
       "      <th>2025-06-18 00:00:00</th>\n",
       "      <td>0.004793</td>\n",
       "      <td>-0.010887</td>\n",
       "      <td>0.016340</td>\n",
       "      <td>-0.010764</td>\n",
       "      <td>-0.007131</td>\n",
       "      <td>0.006417</td>\n",
       "      <td>-0.000095</td>\n",
       "    </tr>\n",
       "    <tr>\n",
       "      <th>2025-06-20 00:00:00</th>\n",
       "      <td>0.022235</td>\n",
       "      <td>-0.006256</td>\n",
       "      <td>0.003789</td>\n",
       "      <td>-0.013406</td>\n",
       "      <td>0.013252</td>\n",
       "      <td>0.002250</td>\n",
       "      <td>0.005788</td>\n",
       "    </tr>\n",
       "    <tr>\n",
       "      <th>2025-06-23 00:00:00</th>\n",
       "      <td>0.002484</td>\n",
       "      <td>0.010163</td>\n",
       "      <td>0.011821</td>\n",
       "      <td>-0.005835</td>\n",
       "      <td>-0.026145</td>\n",
       "      <td>0.015032</td>\n",
       "      <td>0.013533</td>\n",
       "    </tr>\n",
       "    <tr>\n",
       "      <th>2025-06-24 00:00:00</th>\n",
       "      <td>-0.005973</td>\n",
       "      <td>0.005733</td>\n",
       "      <td>0.010688</td>\n",
       "      <td>0.020417</td>\n",
       "      <td>-0.030900</td>\n",
       "      <td>0.008947</td>\n",
       "      <td>0.009291</td>\n",
       "    </tr>\n",
       "    <tr>\n",
       "      <th>2025-06-25 00:00:00</th>\n",
       "      <td>0.003613</td>\n",
       "      <td>0.001838</td>\n",
       "      <td>0.008744</td>\n",
       "      <td>-0.005514</td>\n",
       "      <td>0.000508</td>\n",
       "      <td>-0.007222</td>\n",
       "      <td>-0.031178</td>\n",
       "    </tr>\n",
       "  </tbody>\n",
       "</table>\n",
       "<p>1376 rows × 7 columns</p>\n",
       "</div>"
      ]
     },
     "execution_count": 90,
     "metadata": {},
     "output_type": "execute_result"
    }
   ],
   "execution_count": 90
  },
  {
   "metadata": {
    "ExecuteTime": {
     "end_time": "2025-06-25T18:29:58.618210Z",
     "start_time": "2025-06-25T18:29:58.610399Z"
    }
   },
   "cell_type": "code",
   "source": [
    "# Portfolio's Expected Returns\n",
    "expected_returns = stock_returns_df.mean()\n",
    "expected_returns.name = 'mean_returns'\n",
    "\n",
    "expected_returns"
   ],
   "id": "12c0ab1b384d7d9e",
   "outputs": [
    {
     "data": {
      "text/plain": [
       "AAPL    0.000740\n",
       "JNJ     0.000144\n",
       "JPM     0.000621\n",
       "AMZN    0.000583\n",
       "XOM     0.000498\n",
       "UNP     0.000245\n",
       "PLD     0.000232\n",
       "Name: mean_returns, dtype: float64"
      ]
     },
     "execution_count": 91,
     "metadata": {},
     "output_type": "execute_result"
    }
   ],
   "execution_count": 91
  },
  {
   "metadata": {
    "ExecuteTime": {
     "end_time": "2025-06-25T18:29:58.635699Z",
     "start_time": "2025-06-25T18:29:58.618210Z"
    }
   },
   "cell_type": "code",
   "source": [
    "# Covariance Matrix\n",
    "covariance_matrix = stock_returns_df.cov()\n",
    "\n",
    "covariance_matrix"
   ],
   "id": "91dc8b4f11c0173a",
   "outputs": [
    {
     "data": {
      "text/plain": [
       "          AAPL       JNJ       JPM      AMZN       XOM       UNP       PLD\n",
       "AAPL  0.000421  0.000087  0.000181  0.000283  0.000135  0.000167  0.000223\n",
       "JNJ   0.000087  0.000157  0.000097  0.000042  0.000079  0.000088  0.000112\n",
       "JPM   0.000181  0.000097  0.000412  0.000141  0.000246  0.000225  0.000202\n",
       "AMZN  0.000283  0.000042  0.000141  0.000518  0.000076  0.000120  0.000193\n",
       "XOM   0.000135  0.000079  0.000246  0.000076  0.000456  0.000179  0.000138\n",
       "UNP   0.000167  0.000088  0.000225  0.000120  0.000179  0.000300  0.000197\n",
       "PLD   0.000223  0.000112  0.000202  0.000193  0.000138  0.000197  0.000404"
      ],
      "text/html": [
       "<div>\n",
       "<style scoped>\n",
       "    .dataframe tbody tr th:only-of-type {\n",
       "        vertical-align: middle;\n",
       "    }\n",
       "\n",
       "    .dataframe tbody tr th {\n",
       "        vertical-align: top;\n",
       "    }\n",
       "\n",
       "    .dataframe thead th {\n",
       "        text-align: right;\n",
       "    }\n",
       "</style>\n",
       "<table border=\"1\" class=\"dataframe\">\n",
       "  <thead>\n",
       "    <tr style=\"text-align: right;\">\n",
       "      <th></th>\n",
       "      <th>AAPL</th>\n",
       "      <th>JNJ</th>\n",
       "      <th>JPM</th>\n",
       "      <th>AMZN</th>\n",
       "      <th>XOM</th>\n",
       "      <th>UNP</th>\n",
       "      <th>PLD</th>\n",
       "    </tr>\n",
       "  </thead>\n",
       "  <tbody>\n",
       "    <tr>\n",
       "      <th>AAPL</th>\n",
       "      <td>0.000421</td>\n",
       "      <td>0.000087</td>\n",
       "      <td>0.000181</td>\n",
       "      <td>0.000283</td>\n",
       "      <td>0.000135</td>\n",
       "      <td>0.000167</td>\n",
       "      <td>0.000223</td>\n",
       "    </tr>\n",
       "    <tr>\n",
       "      <th>JNJ</th>\n",
       "      <td>0.000087</td>\n",
       "      <td>0.000157</td>\n",
       "      <td>0.000097</td>\n",
       "      <td>0.000042</td>\n",
       "      <td>0.000079</td>\n",
       "      <td>0.000088</td>\n",
       "      <td>0.000112</td>\n",
       "    </tr>\n",
       "    <tr>\n",
       "      <th>JPM</th>\n",
       "      <td>0.000181</td>\n",
       "      <td>0.000097</td>\n",
       "      <td>0.000412</td>\n",
       "      <td>0.000141</td>\n",
       "      <td>0.000246</td>\n",
       "      <td>0.000225</td>\n",
       "      <td>0.000202</td>\n",
       "    </tr>\n",
       "    <tr>\n",
       "      <th>AMZN</th>\n",
       "      <td>0.000283</td>\n",
       "      <td>0.000042</td>\n",
       "      <td>0.000141</td>\n",
       "      <td>0.000518</td>\n",
       "      <td>0.000076</td>\n",
       "      <td>0.000120</td>\n",
       "      <td>0.000193</td>\n",
       "    </tr>\n",
       "    <tr>\n",
       "      <th>XOM</th>\n",
       "      <td>0.000135</td>\n",
       "      <td>0.000079</td>\n",
       "      <td>0.000246</td>\n",
       "      <td>0.000076</td>\n",
       "      <td>0.000456</td>\n",
       "      <td>0.000179</td>\n",
       "      <td>0.000138</td>\n",
       "    </tr>\n",
       "    <tr>\n",
       "      <th>UNP</th>\n",
       "      <td>0.000167</td>\n",
       "      <td>0.000088</td>\n",
       "      <td>0.000225</td>\n",
       "      <td>0.000120</td>\n",
       "      <td>0.000179</td>\n",
       "      <td>0.000300</td>\n",
       "      <td>0.000197</td>\n",
       "    </tr>\n",
       "    <tr>\n",
       "      <th>PLD</th>\n",
       "      <td>0.000223</td>\n",
       "      <td>0.000112</td>\n",
       "      <td>0.000202</td>\n",
       "      <td>0.000193</td>\n",
       "      <td>0.000138</td>\n",
       "      <td>0.000197</td>\n",
       "      <td>0.000404</td>\n",
       "    </tr>\n",
       "  </tbody>\n",
       "</table>\n",
       "</div>"
      ]
     },
     "execution_count": 92,
     "metadata": {},
     "output_type": "execute_result"
    }
   ],
   "execution_count": 92
  },
  {
   "metadata": {
    "ExecuteTime": {
     "end_time": "2025-06-25T18:29:58.656097Z",
     "start_time": "2025-06-25T18:29:58.635699Z"
    }
   },
   "cell_type": "code",
   "source": [
    "# Correlation Matrix\n",
    "correlation_matrix = stock_returns_df.corr()\n",
    "\n",
    "correlation_matrix"
   ],
   "id": "2118a76bd493d710",
   "outputs": [
    {
     "data": {
      "text/plain": [
       "          AAPL       JNJ       JPM      AMZN       XOM       UNP       PLD\n",
       "AAPL  1.000000  0.339295  0.435560  0.605862  0.307635  0.468845  0.541138\n",
       "JNJ   0.339295  1.000000  0.380945  0.148521  0.296413  0.407693  0.444272\n",
       "JPM   0.435560  0.380945  1.000000  0.305080  0.566994  0.639370  0.496547\n",
       "AMZN  0.605862  0.148521  0.305080  1.000000  0.156133  0.304324  0.422978\n",
       "XOM   0.307635  0.296413  0.566994  0.156133  1.000000  0.483415  0.321103\n",
       "UNP   0.468845  0.407693  0.639370  0.304324  0.483415  1.000000  0.565743\n",
       "PLD   0.541138  0.444272  0.496547  0.422978  0.321103  0.565743  1.000000"
      ],
      "text/html": [
       "<div>\n",
       "<style scoped>\n",
       "    .dataframe tbody tr th:only-of-type {\n",
       "        vertical-align: middle;\n",
       "    }\n",
       "\n",
       "    .dataframe tbody tr th {\n",
       "        vertical-align: top;\n",
       "    }\n",
       "\n",
       "    .dataframe thead th {\n",
       "        text-align: right;\n",
       "    }\n",
       "</style>\n",
       "<table border=\"1\" class=\"dataframe\">\n",
       "  <thead>\n",
       "    <tr style=\"text-align: right;\">\n",
       "      <th></th>\n",
       "      <th>AAPL</th>\n",
       "      <th>JNJ</th>\n",
       "      <th>JPM</th>\n",
       "      <th>AMZN</th>\n",
       "      <th>XOM</th>\n",
       "      <th>UNP</th>\n",
       "      <th>PLD</th>\n",
       "    </tr>\n",
       "  </thead>\n",
       "  <tbody>\n",
       "    <tr>\n",
       "      <th>AAPL</th>\n",
       "      <td>1.000000</td>\n",
       "      <td>0.339295</td>\n",
       "      <td>0.435560</td>\n",
       "      <td>0.605862</td>\n",
       "      <td>0.307635</td>\n",
       "      <td>0.468845</td>\n",
       "      <td>0.541138</td>\n",
       "    </tr>\n",
       "    <tr>\n",
       "      <th>JNJ</th>\n",
       "      <td>0.339295</td>\n",
       "      <td>1.000000</td>\n",
       "      <td>0.380945</td>\n",
       "      <td>0.148521</td>\n",
       "      <td>0.296413</td>\n",
       "      <td>0.407693</td>\n",
       "      <td>0.444272</td>\n",
       "    </tr>\n",
       "    <tr>\n",
       "      <th>JPM</th>\n",
       "      <td>0.435560</td>\n",
       "      <td>0.380945</td>\n",
       "      <td>1.000000</td>\n",
       "      <td>0.305080</td>\n",
       "      <td>0.566994</td>\n",
       "      <td>0.639370</td>\n",
       "      <td>0.496547</td>\n",
       "    </tr>\n",
       "    <tr>\n",
       "      <th>AMZN</th>\n",
       "      <td>0.605862</td>\n",
       "      <td>0.148521</td>\n",
       "      <td>0.305080</td>\n",
       "      <td>1.000000</td>\n",
       "      <td>0.156133</td>\n",
       "      <td>0.304324</td>\n",
       "      <td>0.422978</td>\n",
       "    </tr>\n",
       "    <tr>\n",
       "      <th>XOM</th>\n",
       "      <td>0.307635</td>\n",
       "      <td>0.296413</td>\n",
       "      <td>0.566994</td>\n",
       "      <td>0.156133</td>\n",
       "      <td>1.000000</td>\n",
       "      <td>0.483415</td>\n",
       "      <td>0.321103</td>\n",
       "    </tr>\n",
       "    <tr>\n",
       "      <th>UNP</th>\n",
       "      <td>0.468845</td>\n",
       "      <td>0.407693</td>\n",
       "      <td>0.639370</td>\n",
       "      <td>0.304324</td>\n",
       "      <td>0.483415</td>\n",
       "      <td>1.000000</td>\n",
       "      <td>0.565743</td>\n",
       "    </tr>\n",
       "    <tr>\n",
       "      <th>PLD</th>\n",
       "      <td>0.541138</td>\n",
       "      <td>0.444272</td>\n",
       "      <td>0.496547</td>\n",
       "      <td>0.422978</td>\n",
       "      <td>0.321103</td>\n",
       "      <td>0.565743</td>\n",
       "      <td>1.000000</td>\n",
       "    </tr>\n",
       "  </tbody>\n",
       "</table>\n",
       "</div>"
      ]
     },
     "execution_count": 93,
     "metadata": {},
     "output_type": "execute_result"
    }
   ],
   "execution_count": 93
  },
  {
   "metadata": {
    "ExecuteTime": {
     "end_time": "2025-06-25T18:29:58.660396Z",
     "start_time": "2025-06-25T18:29:58.656097Z"
    }
   },
   "cell_type": "code",
   "source": [
    "# Obtain Weights\n",
    "p_weights = markowitz_weights(\n",
    "    expected_returns, \n",
    "    covariance_matrix,\n",
    "    0.0010\n",
    ")"
   ],
   "id": "730a281785d159e",
   "outputs": [],
   "execution_count": 94
  },
  {
   "metadata": {
    "ExecuteTime": {
     "end_time": "2025-06-25T18:29:58.666067Z",
     "start_time": "2025-06-25T18:29:58.660396Z"
    }
   },
   "cell_type": "code",
   "source": [
    "# Create a Portfolio Weights DF\n",
    "portfolio_weights = pd.Series(\n",
    "    p_weights,\n",
    "    index = stock_returns_df.columns,\n",
    "    name = 'weights'\n",
    ")\n",
    "\n",
    "portfolio_weights"
   ],
   "id": "afdb058295f9fbb2",
   "outputs": [
    {
     "data": {
      "text/plain": [
       "AAPL    0.795208\n",
       "JNJ     0.028233\n",
       "JPM     0.645835\n",
       "AMZN    0.172263\n",
       "XOM     0.229186\n",
       "UNP    -0.450005\n",
       "PLD    -0.420719\n",
       "Name: weights, dtype: float64"
      ]
     },
     "execution_count": 95,
     "metadata": {},
     "output_type": "execute_result"
    }
   ],
   "execution_count": 95
  },
  {
   "metadata": {
    "ExecuteTime": {
     "end_time": "2025-06-25T18:29:58.674Z",
     "start_time": "2025-06-25T18:29:58.666806Z"
    }
   },
   "cell_type": "code",
   "source": [
    "# Portfolio Returns\n",
    "portfolio_returns = stock_returns_df @ p_weights\n",
    "portfolio_returns.name = 'portfolio_returns'\n",
    "\n",
    "portfolio_returns"
   ],
   "id": "aa9f835dd17d7252",
   "outputs": [
    {
     "data": {
      "text/plain": [
       "2020-01-03   -0.022120\n",
       "2020-01-06    0.015582\n",
       "2020-01-07   -0.010049\n",
       "2020-01-08    0.005694\n",
       "2020-01-09    0.023983\n",
       "                ...   \n",
       "2025-06-18    0.007721\n",
       "2025-06-20    0.017233\n",
       "2025-06-23   -0.009558\n",
       "2025-06-24   -0.009186\n",
       "2025-06-25    0.024106\n",
       "Name: portfolio_returns, Length: 1376, dtype: float64"
      ]
     },
     "execution_count": 96,
     "metadata": {},
     "output_type": "execute_result"
    }
   ],
   "execution_count": 96
  },
  {
   "metadata": {
    "ExecuteTime": {
     "end_time": "2025-06-25T18:29:58.873252Z",
     "start_time": "2025-06-25T18:29:58.674Z"
    }
   },
   "cell_type": "code",
   "source": [
    "# Create Plot\n",
    "plt.figure(figsize=(10, 6))\n",
    "plt.plot(stock_returns_df.cumsum(), label=stock_returns_df.columns, alpha=1)\n",
    "plt.plot(portfolio_returns.cumsum(), label='Portfolio', color='black', alpha=1)\n",
    "\n",
    "# Config\n",
    "plt.title('Returns Time Series')\n",
    "plt.xlabel('Time')\n",
    "plt.ylabel('Returns')\n",
    "plt.legend()\n",
    "plt.grid()\n",
    "\n",
    "# Show\n",
    "plt.show() "
   ],
   "id": "ea85bbe27fb7cbda",
   "outputs": [
    {
     "data": {
      "text/plain": [
       "<Figure size 1000x600 with 1 Axes>"
      ],
