{
 "cells": [
  {
   "cell_type": "code",
   "id": "initial_id",
   "metadata": {
    "collapsed": true,
    "ExecuteTime": {
     "end_time": "2025-08-05T22:28:35.330996Z",
     "start_time": "2025-08-05T22:28:35.325788Z"
    }
   },
   "source": [
    "# Import Libraries\n",
    "\n",
    "# Data Management\n",
    "import pandas as pd\n",
    "import numpy as np\n",
    "\n",
    "# Plots\n",
    "import matplotlib.pyplot as plt\n",
    "\n",
    "# Handle Files\n",
    "import sys\n",
    "import os\n",
    "\n",
    "# Import Local Functions\n",
    "sys.path.append(os.path.abspath(\"../source\"))\n",
    "from config import get_tickers\n",
    "from data_downloader import get_market_data\n",
    "from markowitz_portfolios_toolkit import markowitz_weights"
   ],
   "outputs": [],
   "execution_count": 14
  },
  {
   "metadata": {},
   "cell_type": "markdown",
   "source": "### Building a Portfolio ###",
   "id": "9d031313507f1e6a"
  },
  {
   "metadata": {
    "ExecuteTime": {
     "end_time": "2025-08-05T22:28:35.485374Z",
     "start_time": "2025-08-05T22:28:35.480107Z"
    }
   },
   "cell_type": "code",
   "source": [
    "stocks_tickers = get_tickers(\"6.1a\")\n",
    "\n",
    "stocks_tickers"
   ],
   "id": "448187913de3074d",
   "outputs": [
    {
     "data": {
      "text/plain": [
       "['AAPL', 'JNJ', 'JPM', 'AMZN', 'XOM', 'UNP', 'PLD']"
      ]
     },
     "execution_count": 15,
     "metadata": {},
     "output_type": "execute_result"
    }
   ],
   "execution_count": 15
  },
  {
   "metadata": {
    "ExecuteTime": {
     "end_time": "2025-08-05T22:28:35.501841Z",
     "start_time": "2025-08-05T22:28:35.496226Z"
    }
   },
   "cell_type": "code",
   "source": [
    "sectors_tickers = get_tickers(\"6.1b\")\n",
    "\n",
    "sectors_tickers"
   ],
   "id": "3f1be12082ea4aaf",
   "outputs": [
    {
     "data": {
      "text/plain": [
       "['XLK', 'XLV', 'XLF', 'XLY', 'XLE', 'XLI', 'XLRE']"
      ]
     },
     "execution_count": 16,
     "metadata": {},
     "output_type": "execute_result"
    }
   ],
   "execution_count": 16
  },
  {
   "metadata": {
    "ExecuteTime": {
     "end_time": "2025-08-05T22:28:39.045001Z",
     "start_time": "2025-08-05T22:28:35.511860Z"
    }
   },
   "cell_type": "code",
   "source": [
    "# DataFrame to store everything\n",
    "stock_returns_df = pd.DataFrame()\n",
    "\n",
    "for ticker in stocks_tickers:\n",
    "    df_stock = get_market_data(\n",
    "        ticker=ticker, \n",
    "        start_date='2020-01-01', \n",
    "        end_date='2026-01-01', \n",
    "        returns=True\n",
    "    )\n",
    "    \n",
    "    returns = df_stock['returns'].rename(ticker)\n",
    "    \n",
    "    stock_returns_df = pd.concat([stock_returns_df, returns], axis=1)"
   ],
   "id": "55ba5ee308996fb1",
   "outputs": [],
   "execution_count": 17
  },
  {
   "metadata": {
    "ExecuteTime": {
     "end_time": "2025-08-05T22:28:39.054827Z",
     "start_time": "2025-08-05T22:28:39.045001Z"
    }
   },
   "cell_type": "code",
   "source": "stock_returns_df",
   "id": "135b523b51dd1d51",
   "outputs": [
    {
     "data": {
      "text/plain": [
       "                         AAPL       JNJ       JPM      AMZN       XOM  \\\n",
       "2020-01-03 00:00:00 -0.009770 -0.011645 -0.013284 -0.012213 -0.008072   \n",
       "2020-01-06 00:00:00  0.007937 -0.001248 -0.000796  0.014776  0.007649   \n",
       "2020-01-07 00:00:00 -0.004714  0.006088 -0.017147  0.002089 -0.008217   \n",
       "2020-01-08 00:00:00  0.015958 -0.000138  0.007771 -0.007839 -0.015195   \n",
       "2020-01-09 00:00:00  0.021019  0.002962  0.003644  0.004788  0.007627   \n",
       "...                       ...       ...       ...       ...       ...   \n",
       "2025-07-30 00:00:00 -0.010563 -0.005069  0.008682 -0.003556 -0.008720   \n",
       "2025-07-31 00:00:00 -0.007105 -0.015181 -0.011378  0.016886 -0.002326   \n",
       "2025-08-01 00:00:00 -0.025322  0.015599 -0.023464 -0.086317 -0.018077   \n",
       "2025-08-04 00:00:00  0.004782  0.021929  0.016758 -0.014541 -0.020921   \n",
       "2025-08-05 00:00:00 -0.002117 -0.001755 -0.009870  0.009873 -0.001212   \n",
       "\n",
       "                          UNP       PLD  \n",
       "2020-01-03 00:00:00 -0.007103  0.011137  \n",
       "2020-01-06 00:00:00 -0.008601 -0.003923  \n",
       "2020-01-07 00:00:00 -0.007608 -0.006422  \n",
       "2020-01-08 00:00:00  0.010891  0.005411  \n",
       "2020-01-09 00:00:00 -0.005124  0.000112  \n",
       "...                       ...       ...  \n",
       "2025-07-30 00:00:00  0.006725 -0.011274  \n",
       "2025-07-31 00:00:00 -0.014802 -0.015887  \n",
       "2025-08-01 00:00:00 -0.011646 -0.017668  \n",
       "2025-08-04 00:00:00  0.012051  0.002855  \n",
       "2025-08-05 00:00:00  0.004090  0.017244  \n",
       "\n",
       "[1404 rows x 7 columns]"
      ],
      "text/html": [
       "<div>\n",
       "<style scoped>\n",
       "    .dataframe tbody tr th:only-of-type {\n",
       "        vertical-align: middle;\n",
       "    }\n",
       "\n",
       "    .dataframe tbody tr th {\n",
       "        vertical-align: top;\n",
       "    }\n",
       "\n",
       "    .dataframe thead th {\n",
       "        text-align: right;\n",
       "    }\n",
       "</style>\n",
       "<table border=\"1\" class=\"dataframe\">\n",
       "  <thead>\n",
       "    <tr style=\"text-align: right;\">\n",
       "      <th></th>\n",
       "      <th>AAPL</th>\n",
       "      <th>JNJ</th>\n",
       "      <th>JPM</th>\n",
       "      <th>AMZN</th>\n",
       "      <th>XOM</th>\n",
       "      <th>UNP</th>\n",
       "      <th>PLD</th>\n",
       "    </tr>\n",
       "  </thead>\n",
       "  <tbody>\n",
       "    <tr>\n",
       "      <th>2020-01-03 00:00:00</th>\n",
       "      <td>-0.009770</td>\n",
       "      <td>-0.011645</td>\n",
       "      <td>-0.013284</td>\n",
       "      <td>-0.012213</td>\n",
       "      <td>-0.008072</td>\n",
       "      <td>-0.007103</td>\n",
       "      <td>0.011137</td>\n",
       "    </tr>\n",
       "    <tr>\n",
       "      <th>2020-01-06 00:00:00</th>\n",
       "      <td>0.007937</td>\n",
       "      <td>-0.001248</td>\n",
       "      <td>-0.000796</td>\n",
       "      <td>0.014776</td>\n",
       "      <td>0.007649</td>\n",
       "      <td>-0.008601</td>\n",
       "      <td>-0.003923</td>\n",
       "    </tr>\n",
       "    <tr>\n",
       "      <th>2020-01-07 00:00:00</th>\n",
       "      <td>-0.004714</td>\n",
       "      <td>0.006088</td>\n",
       "      <td>-0.017147</td>\n",
       "      <td>0.002089</td>\n",
       "      <td>-0.008217</td>\n",
       "      <td>-0.007608</td>\n",
       "      <td>-0.006422</td>\n",
       "    </tr>\n",
       "    <tr>\n",
       "      <th>2020-01-08 00:00:00</th>\n",
       "      <td>0.015958</td>\n",
       "      <td>-0.000138</td>\n",
       "      <td>0.007771</td>\n",
       "      <td>-0.007839</td>\n",
       "      <td>-0.015195</td>\n",
       "      <td>0.010891</td>\n",
       "      <td>0.005411</td>\n",
       "    </tr>\n",
       "    <tr>\n",
       "      <th>2020-01-09 00:00:00</th>\n",
       "      <td>0.021019</td>\n",
       "      <td>0.002962</td>\n",
       "      <td>0.003644</td>\n",
       "      <td>0.004788</td>\n",
       "      <td>0.007627</td>\n",
       "      <td>-0.005124</td>\n",
       "      <td>0.000112</td>\n",
       "    </tr>\n",
       "    <tr>\n",
       "      <th>...</th>\n",
       "      <td>...</td>\n",
       "      <td>...</td>\n",
       "      <td>...</td>\n",
       "      <td>...</td>\n",
       "      <td>...</td>\n",
       "      <td>...</td>\n",
       "      <td>...</td>\n",
       "    </tr>\n",
       "    <tr>\n",
       "      <th>2025-07-30 00:00:00</th>\n",
       "      <td>-0.010563</td>\n",
       "      <td>-0.005069</td>\n",
       "      <td>0.008682</td>\n",
       "      <td>-0.003556</td>\n",
       "      <td>-0.008720</td>\n",
       "      <td>0.006725</td>\n",
       "      <td>-0.011274</td>\n",
       "    </tr>\n",
       "    <tr>\n",
       "      <th>2025-07-31 00:00:00</th>\n",
       "      <td>-0.007105</td>\n",
       "      <td>-0.015181</td>\n",
       "      <td>-0.011378</td>\n",
       "      <td>0.016886</td>\n",
       "      <td>-0.002326</td>\n",
       "      <td>-0.014802</td>\n",
       "      <td>-0.015887</td>\n",
       "    </tr>\n",
       "    <tr>\n",
       "      <th>2025-08-01 00:00:00</th>\n",
       "      <td>-0.025322</td>\n",
       "      <td>0.015599</td>\n",
       "      <td>-0.023464</td>\n",
       "      <td>-0.086317</td>\n",
       "      <td>-0.018077</td>\n",
       "      <td>-0.011646</td>\n",
       "      <td>-0.017668</td>\n",
       "    </tr>\n",
       "    <tr>\n",
       "      <th>2025-08-04 00:00:00</th>\n",
       "      <td>0.004782</td>\n",
       "      <td>0.021929</td>\n",
       "      <td>0.016758</td>\n",
       "      <td>-0.014541</td>\n",
       "      <td>-0.020921</td>\n",
       "      <td>0.012051</td>\n",
       "      <td>0.002855</td>\n",
       "    </tr>\n",
       "    <tr>\n",
       "      <th>2025-08-05 00:00:00</th>\n",
       "      <td>-0.002117</td>\n",
       "      <td>-0.001755</td>\n",
       "      <td>-0.009870</td>\n",
       "      <td>0.009873</td>\n",
       "      <td>-0.001212</td>\n",
       "      <td>0.004090</td>\n",
       "      <td>0.017244</td>\n",
       "    </tr>\n",
       "  </tbody>\n",
       "</table>\n",
       "<p>1404 rows × 7 columns</p>\n",
       "</div>"
      ]
     },
     "execution_count": 18,
     "metadata": {},
     "output_type": "execute_result"
    }
   ],
   "execution_count": 18
  },
  {
   "metadata": {
    "ExecuteTime": {
     "end_time": "2025-08-05T22:28:39.062011Z",
     "start_time": "2025-08-05T22:28:39.054827Z"
    }
   },
   "cell_type": "code",
   "source": [
    "# Portfolio's Expected Returns\n",
    "expected_returns = stock_returns_df.mean()\n",
    "expected_returns.name = 'mean_returns'\n",
    "\n",
    "expected_returns"
   ],
   "id": "12c0ab1b384d7d9e",
   "outputs": [
    {
     "data": {
      "text/plain": [
       "AAPL    0.000732\n",
       "JNJ     0.000222\n",
       "JPM     0.000631\n",
       "AMZN    0.000578\n",
       "XOM     0.000480\n",
       "UNP     0.000230\n",
       "PLD     0.000243\n",
       "Name: mean_returns, dtype: float64"
      ]
     },
     "execution_count": 19,
     "metadata": {},
     "output_type": "execute_result"
    }
   ],
   "execution_count": 19
  },
  {
   "metadata": {
    "ExecuteTime": {
     "end_time": "2025-08-05T22:28:39.070014Z",
     "start_time": "2025-08-05T22:28:39.062011Z"
    }
   },
   "cell_type": "code",
   "source": [
    "# Covariance Matrix\n",
    "covariance_matrix = stock_returns_df.cov()\n",
    "\n",
    "covariance_matrix"
   ],
   "id": "91dc8b4f11c0173a",
   "outputs": [
    {
     "data": {
      "text/plain": [
       "          AAPL       JNJ       JPM      AMZN       XOM       UNP       PLD\n",
       "AAPL  0.000415  0.000086  0.000179  0.000278  0.000133  0.000164  0.000219\n",
       "JNJ   0.000086  0.000158  0.000095  0.000039  0.000077  0.000087  0.000112\n",
       "JPM   0.000179  0.000095  0.000406  0.000140  0.000241  0.000221  0.000199\n",
       "AMZN  0.000278  0.000039  0.000140  0.000516  0.000076  0.000118  0.000190\n",
       "XOM   0.000133  0.000077  0.000241  0.000076  0.000450  0.000176  0.000136\n",
       "UNP   0.000164  0.000087  0.000221  0.000118  0.000176  0.000299  0.000194\n",
       "PLD   0.000219  0.000112  0.000199  0.000190  0.000136  0.000194  0.000400"
      ],
      "text/html": [
       "<div>\n",
       "<style scoped>\n",
       "    .dataframe tbody tr th:only-of-type {\n",
       "        vertical-align: middle;\n",
       "    }\n",
       "\n",
       "    .dataframe tbody tr th {\n",
       "        vertical-align: top;\n",
       "    }\n",
       "\n",
       "    .dataframe thead th {\n",
       "        text-align: right;\n",
       "    }\n",
       "</style>\n",
       "<table border=\"1\" class=\"dataframe\">\n",
       "  <thead>\n",
       "    <tr style=\"text-align: right;\">\n",
       "      <th></th>\n",
       "      <th>AAPL</th>\n",
       "      <th>JNJ</th>\n",
       "      <th>JPM</th>\n",
       "      <th>AMZN</th>\n",
       "      <th>XOM</th>\n",
       "      <th>UNP</th>\n",
       "      <th>PLD</th>\n",
       "    </tr>\n",
       "  </thead>\n",
       "  <tbody>\n",
       "    <tr>\n",
       "      <th>AAPL</th>\n",
       "      <td>0.000415</td>\n",
       "      <td>0.000086</td>\n",
       "      <td>0.000179</td>\n",
       "      <td>0.000278</td>\n",
       "      <td>0.000133</td>\n",
       "      <td>0.000164</td>\n",
       "      <td>0.000219</td>\n",
       "    </tr>\n",
       "    <tr>\n",
       "      <th>JNJ</th>\n",
       "      <td>0.000086</td>\n",
       "      <td>0.000158</td>\n",
       "      <td>0.000095</td>\n",
       "      <td>0.000039</td>\n",
       "      <td>0.000077</td>\n",
       "      <td>0.000087</td>\n",
       "      <td>0.000112</td>\n",
       "    </tr>\n",
       "    <tr>\n",
       "      <th>JPM</th>\n",
       "      <td>0.000179</td>\n",
       "      <td>0.000095</td>\n",
       "      <td>0.000406</td>\n",
       "      <td>0.000140</td>\n",
       "      <td>0.000241</td>\n",
       "      <td>0.000221</td>\n",
       "      <td>0.000199</td>\n",
       "    </tr>\n",
       "    <tr>\n",
       "      <th>AMZN</th>\n",
       "      <td>0.000278</td>\n",
       "      <td>0.000039</td>\n",
       "      <td>0.000140</td>\n",
       "      <td>0.000516</td>\n",
       "      <td>0.000076</td>\n",
       "      <td>0.000118</td>\n",
       "      <td>0.000190</td>\n",
       "    </tr>\n",
       "    <tr>\n",
       "      <th>XOM</th>\n",
       "      <td>0.000133</td>\n",
       "      <td>0.000077</td>\n",
       "      <td>0.000241</td>\n",
       "      <td>0.000076</td>\n",
       "      <td>0.000450</td>\n",
       "      <td>0.000176</td>\n",
       "      <td>0.000136</td>\n",
       "    </tr>\n",
       "    <tr>\n",
       "      <th>UNP</th>\n",
       "      <td>0.000164</td>\n",
       "      <td>0.000087</td>\n",
       "      <td>0.000221</td>\n",
       "      <td>0.000118</td>\n",
       "      <td>0.000176</td>\n",
       "      <td>0.000299</td>\n",
       "      <td>0.000194</td>\n",
       "    </tr>\n",
       "    <tr>\n",
       "      <th>PLD</th>\n",
       "      <td>0.000219</td>\n",
       "      <td>0.000112</td>\n",
       "      <td>0.000199</td>\n",
       "      <td>0.000190</td>\n",
       "      <td>0.000136</td>\n",
       "      <td>0.000194</td>\n",
       "      <td>0.000400</td>\n",
       "    </tr>\n",
       "  </tbody>\n",
       "</table>\n",
       "</div>"
      ]
     },
     "execution_count": 20,
     "metadata": {},
     "output_type": "execute_result"
    }
   ],
   "execution_count": 20
  },
  {
   "metadata": {
    "ExecuteTime": {
     "end_time": "2025-08-05T22:28:39.078246Z",
     "start_time": "2025-08-05T22:28:39.070014Z"
    }
   },
   "cell_type": "code",
   "source": [
    "# Correlation Matrix\n",
    "correlation_matrix = stock_returns_df.corr()\n",
    "\n",
    "correlation_matrix"
   ],
   "id": "2118a76bd493d710",
   "outputs": [
    {
     "data": {
      "text/plain": [
       "          AAPL       JNJ       JPM      AMZN       XOM       UNP       PLD\n",
       "AAPL  1.000000  0.335341  0.435342  0.602120  0.306838  0.467265  0.539282\n",
       "JNJ   0.335341  1.000000  0.374479  0.137808  0.289936  0.401174  0.443712\n",
       "JPM   0.435342  0.374479  1.000000  0.305370  0.562338  0.634374  0.492676\n",
       "AMZN  0.602120  0.137808  0.305370  1.000000  0.156888  0.300176  0.418943\n",
       "XOM   0.306838  0.289936  0.562338  0.156888  1.000000  0.480090  0.320691\n",
       "UNP   0.467265  0.401174  0.634374  0.300176  0.480090  1.000000  0.560886\n",
       "PLD   0.539282  0.443712  0.492676  0.418943  0.320691  0.560886  1.000000"
      ],
      "text/html": [
       "<div>\n",
       "<style scoped>\n",
       "    .dataframe tbody tr th:only-of-type {\n",
       "        vertical-align: middle;\n",
       "    }\n",
       "\n",
       "    .dataframe tbody tr th {\n",
       "        vertical-align: top;\n",
       "    }\n",
       "\n",
       "    .dataframe thead th {\n",
       "        text-align: right;\n",
       "    }\n",
       "</style>\n",
       "<table border=\"1\" class=\"dataframe\">\n",
       "  <thead>\n",
       "    <tr style=\"text-align: right;\">\n",
       "      <th></th>\n",
       "      <th>AAPL</th>\n",
       "      <th>JNJ</th>\n",
       "      <th>JPM</th>\n",
       "      <th>AMZN</th>\n",
       "      <th>XOM</th>\n",
       "      <th>UNP</th>\n",
       "      <th>PLD</th>\n",
       "    </tr>\n",
       "  </thead>\n",
       "  <tbody>\n",
       "    <tr>\n",
       "      <th>AAPL</th>\n",
       "      <td>1.000000</td>\n",
       "      <td>0.335341</td>\n",
       "      <td>0.435342</td>\n",
       "      <td>0.602120</td>\n",
       "      <td>0.306838</td>\n",
       "      <td>0.467265</td>\n",
       "      <td>0.539282</td>\n",
       "    </tr>\n",
       "    <tr>\n",
       "      <th>JNJ</th>\n",
       "      <td>0.335341</td>\n",
       "      <td>1.000000</td>\n",
       "      <td>0.374479</td>\n",
       "      <td>0.137808</td>\n",
       "      <td>0.289936</td>\n",
       "      <td>0.401174</td>\n",
       "      <td>0.443712</td>\n",
       "    </tr>\n",
       "    <tr>\n",
       "      <th>JPM</th>\n",
       "      <td>0.435342</td>\n",
       "      <td>0.374479</td>\n",
       "      <td>1.000000</td>\n",
       "      <td>0.305370</td>\n",
       "      <td>0.562338</td>\n",
       "      <td>0.634374</td>\n",
       "      <td>0.492676</td>\n",
       "    </tr>\n",
       "    <tr>\n",
       "      <th>AMZN</th>\n",
       "      <td>0.602120</td>\n",
       "      <td>0.137808</td>\n",
       "      <td>0.305370</td>\n",
       "      <td>1.000000</td>\n",
       "      <td>0.156888</td>\n",
       "      <td>0.300176</td>\n",
       "      <td>0.418943</td>\n",
       "    </tr>\n",
       "    <tr>\n",
       "      <th>XOM</th>\n",
       "      <td>0.306838</td>\n",
       "      <td>0.289936</td>\n",
       "      <td>0.562338</td>\n",
       "      <td>0.156888</td>\n",
       "      <td>1.000000</td>\n",
       "      <td>0.480090</td>\n",
       "      <td>0.320691</td>\n",
       "    </tr>\n",
       "    <tr>\n",
       "      <th>UNP</th>\n",
       "      <td>0.467265</td>\n",
       "      <td>0.401174</td>\n",
       "      <td>0.634374</td>\n",
       "      <td>0.300176</td>\n",
       "      <td>0.480090</td>\n",
       "      <td>1.000000</td>\n",
       "      <td>0.560886</td>\n",
       "    </tr>\n",
       "    <tr>\n",
       "      <th>PLD</th>\n",
       "      <td>0.539282</td>\n",
       "      <td>0.443712</td>\n",
       "      <td>0.492676</td>\n",
       "      <td>0.418943</td>\n",
       "      <td>0.320691</td>\n",
       "      <td>0.560886</td>\n",
       "      <td>1.000000</td>\n",
       "    </tr>\n",
       "  </tbody>\n",
       "</table>\n",
       "</div>"
      ]
     },
     "execution_count": 21,
     "metadata": {},
     "output_type": "execute_result"
    }
   ],
   "execution_count": 21
  },
  {
   "metadata": {
    "ExecuteTime": {
     "end_time": "2025-08-05T22:28:39.081632Z",
     "start_time": "2025-08-05T22:28:39.079256Z"
    }
   },
   "cell_type": "code",
   "source": [
    "# Obtain Weights\n",
    "p_weights = markowitz_weights(\n",
    "    expected_returns, \n",
    "    covariance_matrix,\n",
    "    0.0010\n",
    ")"
   ],
   "id": "730a281785d159e",
   "outputs": [],
   "execution_count": 22
  },
  {
   "metadata": {
    "ExecuteTime": {
     "end_time": "2025-08-05T22:28:39.087561Z",
     "start_time": "2025-08-05T22:28:39.081632Z"
    }
   },
   "cell_type": "code",
   "source": [
    "# Create a Portfolio Weights DF\n",
    "portfolio_weights = pd.Series(\n",
    "    p_weights,\n",
    "    index = stock_returns_df.columns,\n",
    "    name = 'weights'\n",
    ")\n",
    "\n",
    "portfolio_weights"
   ],
   "id": "afdb058295f9fbb2",
   "outputs": [
    {
     "data": {
      "text/plain": [
       "AAPL    0.790813\n",
       "JNJ     0.212606\n",
       "JPM     0.704044\n",
       "AMZN    0.155564\n",
       "XOM     0.175161\n",
       "UNP    -0.589015\n",
       "PLD    -0.449174\n",
       "Name: weights, dtype: float64"
      ]
     },
     "execution_count": 23,
     "metadata": {},
     "output_type": "execute_result"
    }
   ],
   "execution_count": 23
  },
  {
   "metadata": {
    "ExecuteTime": {
     "end_time": "2025-08-05T22:28:39.094340Z",
     "start_time": "2025-08-05T22:28:39.087561Z"
    }
   },
   "cell_type": "code",
   "source": [
    "# Portfolio Returns\n",
    "portfolio_returns = stock_returns_df @ p_weights\n",
    "portfolio_returns.name = 'portfolio_returns'\n",
    "\n",
    "portfolio_returns"
   ],
   "id": "aa9f835dd17d7252",
   "outputs": [
    {
     "data": {
      "text/plain": [
       "2020-01-03   -0.023687\n",
       "2020-01-06    0.015918\n",
       "2020-01-07   -0.008254\n",
       "2020-01-08    0.005335\n",
       "2020-01-09    0.024866\n",
       "                ...   \n",
       "2025-07-30   -0.004297\n",
       "2025-07-31    0.001217\n",
       "2025-08-01   -0.035026\n",
       "2025-08-04    0.005934\n",
       "2025-08-05   -0.017827\n",
       "Name: portfolio_returns, Length: 1404, dtype: float64"
      ]
     },
     "execution_count": 24,
     "metadata": {},
     "output_type": "execute_result"
    }
   ],
   "execution_count": 24
  },
  {
   "metadata": {
    "ExecuteTime": {
     "end_time": "2025-08-05T22:28:39.267316Z",
     "start_time": "2025-08-05T22:28:39.094340Z"
    }
   },
   "cell_type": "code",
   "source": [
    "# Create Plot\n",
    "plt.figure(figsize=(10, 6))\n",
    "plt.plot(stock_returns_df.cumsum(), label=stock_returns_df.columns, alpha=1)\n",
    "plt.plot(portfolio_returns.cumsum(), label='Portfolio', color='black', alpha=1)\n",
    "\n",
    "# Config\n",
    "plt.title('Returns Time Series')\n",
    "plt.xlabel('Time')\n",
    "plt.ylabel('Returns')\n",
    "plt.legend()\n",
    "plt.grid()\n",
    "\n",
    "# Show\n",
    "plt.show() "
   ],
   "id": "ea85bbe27fb7cbda",
   "outputs": [
    {
     "data": {
      "text/plain": [
       "<Figure size 1000x600 with 1 Axes>"
      ],
